   -0.23581614
    0.05038087
    0.46873048
   -0.07431884
   -0.57240599
   -0.01267191
   -0.05079029
   -0.06025844
   -0.03239004
   -0.03082212
   -0.03973048
    0.30421032
    0.09864630
    0.07301925
    0.08730458
    0.05421634
    0.05318106
    0.05104942
    0.05147202
    0.05070045
    0.31434122
    0.31080743
   -0.34305125
    0.08652651
    0.46959306
   -0.06995022
   -0.59531274
   -0.07061431
    0.07027226
   -0.33769664
   -0.40730087
   -0.41028887
    0.46171157
    0.26094061
    0.09249562
    0.05832732
    0.07178534
    0.06088698
    0.05724932
    0.06617822
    0.06581625
    0.27456148
    0.28440095
    0.29172781
    0.28986159
    0.29294546
   -0.34115399
    0.05373230
    0.47116288
   -0.60296135
    0.25683050
    0.09362164
    0.09195369
   -0.34374459
    0.08934643
    0.46553704
   -0.07932544
   -0.61013696
   -0.07328134
    0.06954644
   -0.33970216
   -0.40711370
   -0.40911101
    0.46174912
    0.25599221
    0.07944706
    0.06936840
    0.06217005
    0.06695196
    0.06402105
    0.06908184
    0.06919360
    0.27517339
    0.28390734
    0.29178691
    0.29030398
    0.29338706
   -0.33041884
    0.10695777
    0.46203704
   -0.13714768
   -0.60688642
    0.57930545
   -0.72135425
   -0.72426948
    0.24831732
    0.07135905
    0.05140855
    0.06155039
   -0.33357675
    0.09943237
    0.46879489
   -0.13009070
   -0.60129921
    0.24957751
    0.07441622
    0.07219704
    0.06328095
    0.07120331
   -0.33031845
    0.10116378
    0.46609944
   -0.12547512
   -0.60793991
    0.25113912
    0.07055225
    0.06773298
    0.07209156
    0.06033739
   -0.32861028
    0.10077172
    0.46267513
   -0.12411080
   -0.61359635
    0.24966135
    0.06732030
    0.06454366
    0.06875536
    0.05956064
   -0.34018536
    0.09133416
    0.46506165
   -0.06844581
   -0.61072000
   -0.05857562
   -0.08958361
    0.04614933
   -0.24169760
    0.25729971
    0.06746885
    0.06132232
    0.06093242
    0.05512799
    0.05923340
    0.06561514
    0.06249738
    0.08700832
    0.08771282
    0.30680100
    0.31412289
    0.31044786
   -0.34722946
    0.10358000
    0.47273480
   -0.12274105
   -0.59577650
    0.26967531
    0.06807598
    0.06366640
    0.07107810
    0.05286323
   -0.34652899
    0.07497273
    0.46497859
    0.19268458
   -0.60548126
   -0.60474373
    0.26561407
    0.07361968
    0.05495540
    0.04131468
    0.36773431
   -0.33026676
    0.05879379
    0.46841380
   -0.60845723
    0.25802820
    0.07603111
    0.07941808
   -0.34169740
    0.09697741
    0.46715127
   -0.08195576
   -0.60641665
    0.00032800
   -0.12857384
   -0.13625540
    0.25753619
    0.06331595
    0.05273197
    0.05150188
    0.03638832
    0.04251851
    0.04700288
    0.04589867
    0.04324210
    0.04853086
    0.04373279
   -0.35321717
    0.08662121
    0.47516184
   -0.00856953
   -0.60032869
   -0.13298241
   -0.12414585
    0.27313299
    0.06803299
    0.03847402
    0.05141734
    0.05449851
    0.04859648
    0.04339735
    0.05185774
    0.05065664
   -0.33867092
    0.06352600
    0.47034605
   -0.60715102
    0.26495984
    0.07635315
    0.08354682
   -0.32996755
    0.09789414
    0.46490061
   -0.07859991
   -0.61346580
    0.00143030
   -0.12562616
   -0.13901848
    0.24860891
    0.06315163
    0.05555017
    0.05049131
    0.03733638
    0.04139003
    0.04580431
    0.04448728
    0.04048315
    0.04924998
    0.04406220
   -0.34542529
    0.06592659
    0.46330508
    0.22461138
   -0.62036059
   -0.14001701
   -0.58725909
    0.26918532
    0.07016035
    0.03620789
    0.34996872
    0.05210393
    0.05956555
    0.04893649
   -0.35220222
    0.11183415
    0.47614988
   -0.13144787
   -0.60015474
    0.57502492
   -0.72899208
   -0.73020726
    0.27137649
    0.06504373
    0.05745519
    0.04253141
   -0.34292539
    0.10106171
    0.46915444
   -0.06494751
   -0.60832162
   -0.07033293
    0.08346481
   -0.32043186
   -0.40752419
   -0.41117123
    0.46260617
    0.26464652
    0.06062060
    0.06458010
    0.05393794
    0.04791684
    0.05158075
    0.06654944
    0.05835971
    0.26088888
    0.27823121
    0.29024980
    0.28702074
    0.29022539
   -0.34261728
    0.09384988
    0.46195228
   -0.06685795
   -0.61200748
   -0.07519677
    0.07227204
   -0.33559788
   -0.40850525
   -0.40920116
    0.46233832
    0.26028608
    0.06038835
    0.06417634
    0.05856201
    0.06108357
    0.05839121
    0.06713832
    0.06302738
    0.27259140
    0.28263621
    0.29290410
    0.29021727
    0.29355276
   -0.33179417
    0.05878224
    0.46806042
   -0.61991858
    0.25815751
    0.07012616
    0.07389265
   -0.35746860
    0.09491582
    0.46138300
   -0.00593985
   -0.59798682
   -0.06140725
    0.28199169
    0.06265858
    0.06527569
    0.05640846
   -0.35034820
    0.09786800
    0.46467618
   -0.00637878
   -0.61797912
   -0.04900476
    0.26294668
    0.05929715
    0.06120128
    0.05872726
   -0.33148258
    0.07687701
    0.45893302
    0.18984075
   -0.62198477
   -0.58771457
    0.24515291
    0.07376109
    0.04148017
    0.04613757
    0.35519731
   -0.31747572
    0.10466749
    0.45707906
   -0.07217517
   -0.59889979
    0.08256289
    0.04282563
   -0.25899120
    0.21744026
   -0.44251410
    0.24748542
    0.06047988
    0.06758410
    0.06154691
    0.27009718
    0.02832892
    0.04288081
   -0.26587648
    0.08180391
    0.47016119
   -0.07341982
   -0.60200290
   -0.07640060
    0.06574527
    0.07279620
    0.06578203
    0.06703970
    0.05899740
    0.07051555
    0.06176657
    0.06463659
   -0.33456525
    0.09747096
    0.46910181
   -0.13585948
   -0.60138435
    0.24974363
    0.07425446
    0.07421963
    0.06243914
    0.07330086
   -0.32770713
    0.09142245
    0.46638275
   -0.01367235
   -0.61248095
   -0.05808947
    0.24912773
    0.07097482
    0.07395164
    0.06034358
   -0.33829512
    0.11226184
    0.45915176
   -0.10699276
   -0.61395030
    0.48888630
   -0.41783229
   -0.61211182
    0.26578693
    0.06195444
    0.08578152
    0.06133349
    0.25665853
    0.27926418
   -0.33844285
    0.08666796
    0.46142925
   -0.00797954
   -0.61788863
   -0.13001217
   -0.12716680
    0.24487536
    0.06281773
    0.04167639
    0.05328466
    0.04886430
    0.04822357
    0.05647685
    0.04937308
    0.04493277
   -0.33792506
    0.10664875
    0.46276713
   -0.13077815
   -0.61359997
    0.57460187
   -0.72932330
   -0.73028748
    0.24274096
    0.06329989
    0.06402056
    0.03684396
   -0.34361479
    0.10899298
    0.45227178
   -0.05931408
   -0.61756850
    0.12007362
    0.06576896
   -0.19332550
    0.25110390
   -0.19342953
    0.24488973
    0.07447161
    0.07114880
    0.07257610
    0.29658903
    0.07592912
    0.11184232
    0.31380998
   -0.24298422
    0.08740903
    0.46011471
   -0.07029982
   -0.61894002
   -0.07264730
    0.08043425
    0.06984400
    0.06040378
    0.06082057
    0.05480868
    0.06162296
    0.05680975
    0.04688552
   -0.35247931
    0.09417950
    0.46367914
   -0.06458397
   -0.62388248
   -0.13745600
    0.57577709
   -0.70808682
   -0.69615781
    0.26247600
    0.06960557
    0.05594664
    0.05880459
    0.04337089
    0.06059019
   -0.33663351
    0.08781224
    0.46111472
   -0.01811540
   -0.62278715
   -0.06440100
   -0.12530082
   -0.12089508
    0.23735752
    0.06830852
    0.03689721
    0.04098766
    0.03793553
    0.05367641
    0.04693686
    0.04978191
    0.04957898
    0.05158542
    0.03441764
   -0.33322232
    0.08498294
    0.45695042
    0.00286448
   -0.62713214
   -0.05608295
    0.24211442
    0.05638389
    0.05602737
    0.05893302
   -0.33230795
    0.04278347
    0.57608445
   -0.72844456
   -0.72471651
    0.23291491
    0.04180210
    0.03718933
