           1           2  0.90523527642014623     
           2           3  0.93954274954053574     
           2           4  0.97830643206199519     
           3           5   1.6089109842581077     
           4           6   1.0026186110297008     
           6           7   1.4162227913148560     
           6           8   1.4127949640897166     
           7           9   1.4430778577990759     
           8           9  0.11131799456905390     
           7          10  0.11335342536020794     
           8          10   1.4380370694599789     
           6          11  0.10890369114673834     
           9          11   1.4393802804209308     
          10          11   1.4418602589588656     
           1          12  0.88260713316452510     
           2          13  0.96368002322911561     
           4          14  0.97498464366345450     
           4          15  0.96445006489145946     
           7          16  0.97711221523977609     
           8          17  0.97589298106778266     
           9          18  0.97715497963071629     
          10          19  0.97678776201530570     
          11          20  0.97771321220011465     
           1          21  0.88801103064466136     
           1          22  0.89062922032876712     
           3          23   1.2882919559030646     
           5          23  0.17487602164922775     
          23          24  0.91432941652908251     
          24          25  0.94797510723331146     
          24          26  0.96958976937369468     
          25          27   1.5935035289787216     
          26          28  0.99993822019935352     
          28          29  0.99862983321960486     
          29          30  0.91503851830050842     
          30          33   1.2925787350100251     
          31          33   1.2951908619021575     
          32          33   1.2932135119960217     
          23          34  0.90103709954391342     
          24          35  0.95079064006260949     
          26          36  0.98347929735877992     
          26          37  0.97374950753938982     
          28          38  0.98125910554118223     
          28          39  0.98299314872508226     
          29          40  0.97997432351104363     
          29          41  0.97979853298575348     
          30          42  0.89642363482581067     
          31          43  0.89356200979775002     
          31          44  0.89032980500815662     
          32          45  0.89205568809059943     
          32          46  0.88917739700179155     
          25          47   1.2826387730207796     
          27          47  0.16372142766266276     
          47          48  0.93458241330770309     
          48          49  0.95794509661581717     
          49          50   1.5751674034019851     
          47          51  0.89803966049134809     
          48          52  0.96211258296761615     
          48          53  0.95421315636772530     
          49          54   1.2853409587059235     
          50          54  0.16097206907455747     
          54          55  0.92560141932973350     
          55          56  0.94441995925813726     
          55          57  0.97202869963696548     
          56          58   1.5599449082279486     
          57          59   1.0023390060083184     
          59          60  0.99795424958720047     
          60          61  0.91597379402379464     
          61          64   1.2909472701149702     
          62          64   1.2949741398563519     
          63          64   1.2952142186679767     
          54          65  0.89559878427876827     
          55          66  0.96495394252724387     
          57          67  0.97863780776645726     
          57          68  0.98350100283951958     
          59          69  0.97912476979458718     
          59          70  0.97924699311143559     
          60          71  0.97868204316727114     
          60          72  0.97862320871029351     
          61          73  0.89491543609405921     
          62          74  0.89396306952603799     
          62          75  0.89026287018045813     
          63          76  0.89184889282404201     
          63          77  0.88886091446269822     
          56          78   1.3110142581719795     
          58          78  0.16758260756356885     
          78          79  0.92158885062650109     
          79          80  0.94546448449359610     
          79          81  0.96655422053627371     
          80          82   1.5453837306967666     
          81          83  0.91847163377568997     
          83          84   1.4807806404855886     
          83          85   1.4619013243663459     
          84          85  0.17910720465167337     
          78          86  0.89329754026695962     
          79          87  0.96576036651431874     
          81          88  0.98050750606110681     
          81          89  0.97174949926617116     
          80          90   1.2992406501743834     
          82          90  0.16016787418445144     
          90          91  0.92806975038911188     
          91          92  0.94620974040096628     
          91          93  0.98557319154490430     
          92          94   1.5415800367436212     
          90          95  0.89671437043036051     
          91          96  0.96875010865270361     
          93          97  0.98149068361531588     
          93          98  0.98527875731512649     
          93          99  0.98283311593460465     
          92         100   1.3106455522893021     
          94         100  0.16239032742018891     
         100         101  0.92941772592468574     
         101         102  0.94559031808747462     
         101         103  0.98449485904442113     
         102         104   1.5388628155873443     
         100         105  0.88740457701482545     
         101         106  0.96739818532267630     
         103         107  0.98323004070164766     
         103         108  0.98059891556130663     
         103         109  0.98568575893042087     
         102         110   1.3142151395224588     
         104         110  0.16166394003255402     
         110         111  0.92753619722133829     
         111         112  0.94290928374138272     
         111         113  0.98941446341142192     
         112         114   1.5474160169794582     
         110         115  0.88527890166305345     
         111         116  0.96929032760664136     
         113         117  0.98198508715403132     
         113         118  0.98241966185048513     
         113         119  0.98504269985271486     
         112         120   1.3152612075429231     
         114         120  0.16606137710983995     
         120         121  0.92568328737455030     
         121         122  0.94440194759794027     
         121         123  0.97910279974867032     
         122         124   1.5355087946985222     
         123         125  0.99806732879731674     
         125         126  0.99675085513537831     
         126         127   1.0010395453893717     
         127         128  0.90628950967289468     
         120         129  0.87033044330530962     
         121         130  0.96734111011122270     
         123         131  0.97770649392932185     
         123         132  0.97796095338435607     
         125         133  0.98112817709162159     
         125         134  0.97824068559478983     
         126         135  0.98199178015854394     
         126         136  0.98083391689374588     
         127         137  0.98112945747467828     
         127         138  0.98059296499183191     
         128         139  0.89374256618589476     
         128         140  0.88915712670680835     
         128         141  0.89267042368376726     
         122         142   1.3287251697196929     
         124         142  0.16831486333490181     
         142         143  0.93217014988114877     
         143         144  0.94564890273246360     
         143         145  0.98636508547815360     
         144         146   1.5380512608280072     
         142         147  0.84018046079443987     
         143         148  0.96849154039684404     
         145         149  0.98244436683610858     
         145         150  0.98003547865664387     
         145         151  0.98615488509584248     
         144         152   1.3107711991536313     
         146         152  0.16067970104424578     
         152         153  0.93187529033698402     
         153         154  0.94823035686263890     
         153         155  0.96678722087208835     
         154         156   1.5357822137040933     
         155         157  0.95458374671473456     
         152         158  0.84959709484006696     
         153         159  0.96453466076735572     
         155         160  0.97562093613534551     
         155         161  0.97961195665696577     
         157         162  0.85331212110725763     
         154         163   1.3203289533195097     
         156         163  0.16256782002377562     
         163         164  0.93904179888579509     
         164         165  0.95183768941326607     
         165         166   1.5549562141591833     
         163         167  0.86383635041950668     
         164         168  0.97111205194899908     
         164         169  0.96350833157258930     
         165         170   1.3159120810181741     
         166         170  0.16735588901589082     
         170         171  0.92723367883054886     
         171         172  0.94183762389765013     
         171         173  0.97665269290114232     
         172         174   1.5243610195399551     
         173         175  0.99042406367692781     
         175         176   1.0034162384162812     
         175         177   1.0062790891388504     
         170         178  0.86330959110983674     
         171         179  0.96757944217560510     
         173         180  0.97855550186797424     
         173         181  0.97932685746023629     
         175         182  0.98192020042634132     
         176         183  0.98785234192751581     
         176         184  0.98402305277309132     
         176         185  0.98435120944946308     
         177         186  0.98112812920016712     
         177         187  0.98406787721244948     
         177         188  0.98756339597686782     
         172         189   1.3341188756742401     
         174         189  0.16985419332412793     
         189         190  0.92027464034380857     
         190         191  0.95130501684341384     
         190         192  0.96640393740599584     
         191         193   1.5216088984127285     
         192         194   1.0015158138111413     
         192         195   1.0050628916034272     
         189         196  0.83029793582423317     
         190         197  0.96789123952328682     
         192         198  0.97774487350444239     
         194         199  0.98700106304603685     
         194         200  0.98473421318454135     
         194         201  0.98121038574023256     
         195         202  0.98666016128473222     
         195         203  0.98183334095083430     
         195         204  0.98412361963764095     
         191         205   1.3211332957295079     
         193         205  0.16158671605542890     
         205         206  0.94114823730098918     
         206         207  0.95730437871657115     
         207         208   1.5423735588921710     
         205         209  0.84618432679887146     
         206         210  0.96564122323152313     
         206         211  0.95854569359482544     
         207         212   1.3117811335308454     
         208         212  0.16130879980587731     
         212         213  0.92879288782009950     
         213         214  0.94472615974370311     
         213         215  0.97226835498584885     
         214         216   1.5357805620122296     
         215         217  0.99072308467291881     
         217         218   1.0033109883778821     
         217         219   1.0056377216038377     
         212         220  0.88079926539972264     
         213         221  0.96612539278565790     
         215         222  0.97734520044276929     
         215         223  0.97920272751393844     
         217         224  0.98139151018921977     
         218         225  0.98794169090730843     
         218         226  0.98403312215939065     
         218         227  0.98372804763004396     
         219         228  0.98128956160091407     
         219         229  0.98410054721798146     
         219         230  0.98745109098729567     
         214         231   1.3151624360606322     
         216         231  0.16272198995029780     
         231         232  0.93253515058175795     
         232         233  0.94658816524402734     
         232         234  0.95563889551789361     
         233         235   1.5200073359959669     
         234         236  0.99489223625342027     
         234         237  0.96380143499141313     
         231         238  0.84493718956192287     
         232         239  0.96464414557598477     
         234         240  0.97066252457821900     
         237         241  0.83232320573474605     
         236         242  0.98608242926861889     
         236         243  0.98130741715902559     
         236         244  0.98522129745494691     
         233         245   1.3424081600340907     
         235         245  0.16966893706635006     
         245         246  0.92155766199850053     
         246         247  0.94750547893128068     
         246         248  0.96952296381263758     
         247         249   1.5277803400231125     
         248         250  0.91937132443800795     
         250         251   1.4747985044413643     
         250         252   1.4698284121029981     
         251         252  0.18120544368788216     
         245         253  0.82332002474851029     
         246         254  0.96988923060780774     
         248         255  0.97140501715571614     
         248         256  0.97791669219531452     
         247         257   1.3110191658244545     
         249         257  0.16000297254504470     
         257         258  0.92896107110998782     
         258         259  0.94609503679516005     
         258         260  0.97687754573296437     
         259         261   1.5422217380553025     
         260         262  0.99824622528630536     
         262         263  0.99710875524450215     
         263         264  0.91695710088157278     
         264         267   1.3037129330981014     
         265         267   1.2879539744496558     
         266         267   1.2879392183164531     
         257         268  0.85651334988391392     
         258         269  0.97064552559306250     
         260         270  0.97829211203546973     
         260         271  0.97962738686725359     
         262         272  0.98241061390657292     
         262         273  0.97893209524505520     
         263         274  0.97739282185697596     
         263         275  0.97976913733223525     
         264         276  0.89873843826390420     
         265         277  0.89495352801303762     
         265         278  0.89126192688863315     
         266         279  0.89330118828696659     
         266         280  0.89096996073409973     
         259         281   1.3129153077376237     
         261         281  0.16531337531688350     
         281         282  0.92587019467652631     
         282         283  0.94292915415722023     
         282         284  0.97832345637598384     
         283         285   1.5558660572210758     
         284         286  0.99915363261639223     
         286         287  0.99635045049160276     
         287         288  0.91749551439788946     
         288         291   1.2903411443694357     
         289         291   1.2942266358162349     
         290         291   1.2949153084419083     
         281         292  0.86128696531928106     
         282         293  0.97022915534235799     
         284         294  0.97691768508665366     
         284         295  0.97693552481415058     
         286         296  0.97975648186005682     
         286         297  0.98142426827909590     
         287         298  0.97796858220796057     
         287         299  0.97913366629393328     
         288         300  0.89708248231269438     
         289         301  0.89198154868364776     
         289         302  0.88937104352393181     
         290         303  0.89178821345485249     
         290         304  0.88891415436678511     
         283         305   1.3203855264988222     
         285         305  0.17007892265582680     
         305         306  0.93851310231633223     
         306         307  0.94772222879841017     
         307         308   1.5419420141382731     
         305         309  0.85281972182336796     
         306         310  0.97378934433931763     
         306         311  0.96768637742342789     
         307         312   1.3336957664474838     
         308         312  0.17281277179273941     
         312         313  0.93073477165324336     
         313         314  0.94392182652164269     
         313         315  0.97909937835348315     
         314         316   1.5562380883239684     
         315         317  0.96497484716659254     
         312         318  0.80983659439372058     
         313         319  0.96858128344282035     
         315         320  0.97791659864936908     
         315         321  0.97175660575335221     
         314         322   1.3094398489597705     
         316         322  0.16549404986046359     
         322         323  0.93504208142783329     
         323         324  0.94103266721312684     
         323         325  0.98110159836003796     
         324         326   1.5757425071396258     
         325         327  0.95638074916521887     
         322         328  0.85119617686650473     
         323         329  0.95754538356289387     
         325         330  0.97596709355377853     
         325         331  0.98122608276658496     
         324         332   1.2891494812422839     
         326         332  0.16394979223089498     
         332         333  0.93283223895042844     
         333         334  0.94317164211086202     
         333         335  0.97098193857926662     
         334         336   1.5600398268855247     
         335         337  0.95572742399272592     
         332         338  0.88790975593333077     
         333         339  0.96170922347274745     
         335         340  0.97864898440932546     
         335         341  0.97708878448303693     
         337         342  0.86303248260670029     
         334         343   1.3137942395439697     
         336         343  0.17077273696171724     
         343         344  0.93568591319650207     
         344         345  0.93552941879465379     
         344         346  0.98089553316999922     
         345         347   1.5424039769050706     
         346         348   1.0018924036593126     
         348         349   1.5850468064048273     
         348         350   1.1634532175371310     
         348         351  0.10005605774293420     
         350         351   1.2522245547429061     
         349         352   1.2610157028239677     
         351         352   1.5340762288683125     
         343         353  0.86933037942516866     
         344         354  0.97109154241925777     
         346         355  0.96460883141938092     
         346         356  0.96514996959451316     
         350         357  0.89574223454274882     
         349         358  0.98117549738317922     
         351         359  0.97779587434221915     
         345         360   1.3014432913497140     
         347         360  0.16773077745379994     
         360         361  0.92772495915882769     
         361         362  0.94685951218145636     
         361         363  0.97648189888475723     
         362         364   1.5648320861516032     
         363         365   1.0019725159604826     
         360         366  0.92664379508880645     
         365         366   1.0023948704546031     
         361         367  0.96504102008893589     
         363         368  0.97905355716317843     
         363         369  0.97968974526771990     
         365         370  0.98208593153543078     
         365         371  0.97777271905288832     
         366         372  0.97601695721616943     
         366         373  0.97535702480424002     
         362         374   1.2939627186532032     
         364         374  0.16258920748185590     
         374         375  0.92412287261409221     
         375         376  0.94173134965147287     
         375         377  0.98952611134962198     
         376         378   1.5688832905205767     
         374         379  0.89909294802274187     
         375         380  0.96999927215327653     
         377         381  0.98154092558932593     
         377         382  0.98608647559931417     
         377         383  0.98119078302623863     
         376         384   1.2979177802805004     
         378         384  0.16485053984862136     
         384         385  0.92988686467899051     
         385         386  0.94040992339567420     
         385         387  0.97601255145870225     
         386         388   1.5449504002092804     
         317         389   1.1435592412056739     
         387         389  0.96355088769346575     
         384         390  0.89406032933924739     
         385         391  0.96620136834202686     
         387         392  0.97162686269076148     
         387         393  0.97574953264623243     
         386         394   1.3166267030824386     
         388         394  0.16626745120647787     
         394         395  0.93275457646907700     
         395         396  0.93754498490136862     
         395         397  0.97204954246059772     
         396         398   1.5787042275157743     
         397         399  0.96652798482178182     
         399         400   1.3089355168788126     
         399         401   1.5813513346273578     
         400         401  0.16375369280181029     
         394         402  0.85911194470363839     
         395         403  0.96616476874034329     
         397         404  0.95503410287471591     
         397         405  0.97806332758159109     
         400         406  0.91046121673282376     
         400         407  0.89070732285239462     
         396         408   1.2998077405764770     
         398         408  0.17040519207649815     
         408         409  0.92336839487111988     
         409         410  0.94624532592741017     
         409         411  0.96418046539738700     
         410         412   1.5580784134346684     
         411         413   1.0041972067975471     
         411         414   1.0006996165252748     
         408         415  0.88728031874780111     
         409         416  0.96865544756959143     
         411         417  0.98148618747048011     
         413         418  0.98482155788797276     
         413         419  0.98222145374100334     
         413         420  0.98632537581460333     
         414         421  0.98304918414807352     
         414         422  0.98557320922154046     
         414         423  0.98565558350128790     
         410         424   1.3038918020436487     
         412         424  0.16563238386611140     
         424         425  0.92230129170206432     
         425         426  0.94333357496103731     
         425         427  0.96851626686196857     
         426         428   1.5775440390357114     
         427         429  0.91888564210556889     
         429         430   1.4744163616957975     
         429         431   1.4692052349687141     
         430         431  0.17975694057131053     
         424         432  0.88612159859922945     
         425         433  0.96767310134642215     
         427         434  0.96755479830645974     
         427         435  0.98179819890164743     
         426         436   1.2847923254059554     
         428         436  0.16567836514644876     
         436         437  0.93704801079666689     
         437         438  0.94193071044555732     
         437         439  0.97171796326355553     
         438         440   1.5132215392512949     
         439         441   1.0152916822575515     
         441         442   1.6045930715432042     
         441         443   1.1693303539216224     
         443         444   1.3675743839275114     
         442         445   1.1664014178198814     
         444         445   1.3826784839888679     
         436         446  0.87278263613673412     
         437         447  0.95490684927616964     
         439         448  0.97224511154766680     
         439         449  0.95660890204531879     
         443         450  0.85945594017994853     
         442         451  0.96963930387371189     
         444         452  0.96819774305830208     
         445         453  0.86980799702134248     
         438         454   1.3290861748713367     
         440         454  0.16822433279958832     
         454         455  0.93109172296045961     
         455         456  0.94398364779925115     
         455         457  0.97862659624879855     
         456         458   1.5422228175051860     
         457         459   1.0020519709643900     
         454         460  0.92392261354145777     
         459         460   1.0046282263874362     
         455         461  0.96504138252674199     
         457         462  0.97950405263243068     
         457         463  0.98046931096114376     
         459         464  0.98270721701898500     
         459         465  0.97920727371526706     
         460         466  0.97200796841961890     
         460         467  0.97367181309088224     
         456         468   1.3201117169639986     
         458         468  0.16721158907106226     
         468         469  0.93044414234642647     
         469         470  0.94793614997328968     
         469         471  0.97087797575012191     
         470         472   1.5695650687952318     
         471         473  0.99959659134953516     
         473         474  0.93123895296836923     
         474         475   1.4656687447987058     
         474         476   1.4382753045225112     
         475         476  0.16518204405690828     
         468         477  0.83598290978333500     
         469         478  0.96256467600052753     
         471         479  0.97787100657151205     
         471         480  0.97819752654686465     
         473         481  0.96762641805949978     
         473         482  0.96635787182062671     
         470         483   1.2903712611925708     
         472         483  0.16378060719148510     
         483         484  0.92820207583127901     
         484         485  0.94451660835655271     
         484         486  0.96194634306521032     
         485         487   1.5486161652022294     
         486         488  0.98940202244470166     
         486         489   1.0021502347452289     
         488         490   1.0085497582097926     
         483         491  0.88929118759341574     
         484         492  0.96804264813298291     
         486         493  0.98061931538355052     
         488         494  0.98385928384644794     
         488         495  0.97736962358062485     
         489         496  0.98136127555367947     
         489         497  0.98035467564243073     
         489         498  0.98683430943735595     
         490         499  0.98490026537757813     
         490         500  0.98325365950270549     
         490         501  0.98721244216748916     
         485         502   1.3130681199070398     
         487         502  0.16479029163194520     
         502         503  0.92972259434192239     
         503         504  0.94037294156408158     
         503         505  0.97824148323780191     
         504         506   1.5550075358135664     
         327         507   1.1240898971890356     
         505         507  0.96248365573558792     
         502         508  0.88247578501291968     
         503         509  0.95359311111022471     
         505         510  0.97541545922828909     
         505         511  0.97775755966832478     
         504         512   1.3250066348629743     
         506         512  0.17816661481397619     
         512         513  0.91094208761088136     
         513         514  0.91828424777251982     
         514         515   1.4720421144506164     
         514         516   1.4780555735501082     
         515         516  0.18473671636544409     
         512         517  0.87621403205180703     
         513         518  0.97532568877018933     
         513         519  0.97193223726338873     
